CENSUS
29, 14, 
32, 12, 
27, 13, 
19, 5, 
10, 13, 
8, 28, 
16, 18, 
38, 7, 
41, 3, 
41, 26, 
3, 19, 21, 6, 29, 31, 
0, 17, 26, 29, 14, 15, 
1, 3, 35, 4, 27, 15, 
35, 6, 23, 25, 12, 31, 
19, 5, 6, 9, 28, 15, 
3, 23, 37, 7, 11, 31, 
32, 33, 22, 9, 12, 30, 
4, 23, 40, 31, 29, 15, 
16, 3, 36, 10, 28, 29, 
2, 3, 6, 7, 9, 41, 
0, 36, 37, 6, 41, 13, 19, 26, 27, 30, 
3, 7, 9, 11, 12, 13, 20, 23, 27, 31, 
34, 35, 36, 6, 9, 10, 12, 15, 21, 24, 
32, 35, 6, 13, 16, 18, 25, 26, 27, 31, 
0, 32, 34, 38, 7, 13, 22, 24, 28, 29, 
0, 33, 34, 35, 5, 9, 20, 27, 28, 31, 
2, 4, 7, 11, 13, 15, 17, 24, 26, 30, 
32, 37, 38, 7, 40, 41, 11, 15, 29, 31, 
0, 33, 1, 4, 9, 14, 15, 17, 21, 30, 
32, 33, 2, 35, 15, 18, 19, 26, 29, 30, 
32, 0, 3, 4, 37, 5, 8, 9, 13, 17, 22, 23, 24, 31, 
33, 2, 4, 39, 8, 9, 15, 16, 18, 20, 21, 24, 30, 31, 
1, 34, 33, 2, 35, 6, 40, 41, 16, 17, 21, 22, 26, 30, 
33, 36, 5, 37, 39, 7, 41, 13, 15, 16, 23, 24, 25, 26, 
0, 1, 3, 36, 37, 6, 38, 9, 10, 14, 15, 18, 26, 30, 
3, 4, 37, 6, 7, 40, 5, 10, 14, 16, 18, 25, 26, 28, 
0, 1, 2, 4, 37, 11, 13, 16, 20, 21, 22, 24, 26, 29, 
1, 34, 3, 39, 40, 41, 9, 11, 12, 18, 19, 21, 23, 24, 
0, 32, 2, 3, 36, 5, 37, 8, 13, 15, 18, 19, 20, 23, 
32, 2, 34, 35, 4, 6, 7, 40, 38, 17, 19, 22, 26, 31, 
1, 3, 5, 6, 7, 8, 11, 13, 15, 19, 20, 21, 24, 25, 28, 30, 31, 40, 
1, 2, 4, 7, 8, 14, 15, 16, 18, 19, 21, 22, 23, 25, 30, 36, 37, 40, 
1, 7, 10, 16, 19, 21, 22, 27, 29, 30, 31, 32, 34, 36, 37, 39, 40, 41, 
0, 2, 3, 8, 10, 13, 14, 16, 17, 21, 22, 26, 30, 31, 34, 35, 36, 41, 
0, 1, 5, 6, 8, 12, 13, 15, 16, 18, 25, 29, 32, 35, 37, 38, 39, 41, 
0, 1, 2, 3, 4, 5, 8, 10, 15, 19, 21, 25, 27, 31, 36, 37, 40, 41, 
0, 1, 3, 4, 7, 8, 10, 12, 13, 15, 19, 23, 25, 28, 29, 32, 33, 36, 
0, 4, 5, 7, 8, 10, 12, 14, 19, 21, 22, 24, 25, 28, 31, 36, 39, 41, 
1, 4, 5, 7, 9, 10, 16, 21, 22, 23, 24, 26, 28, 30, 36, 38, 40, 41, 
1, 3, 6, 7, 9, 10, 13, 16, 17, 22, 23, 24, 26, 27, 35, 38, 39, 41, 
1, 2, 4, 5, 7, 12, 13, 14, 16, 18, 22, 23, 25, 27, 28, 30, 32, 33, 34, 36, 37, 41, 
0, 3, 4, 5, 6, 7, 8, 11, 12, 13, 15, 17, 20, 21, 23, 25, 28, 33, 34, 35, 36, 41, 
4, 7, 8, 9, 11, 12, 13, 14, 15, 18, 19, 20, 21, 27, 28, 29, 30, 31, 36, 37, 39, 41, 
0, 5, 7, 9, 10, 11, 12, 13, 14, 15, 16, 19, 22, 24, 27, 30, 33, 34, 35, 36, 38, 40, 
0, 3, 4, 5, 6, 7, 10, 12, 14, 21, 23, 24, 27, 29, 32, 33, 35, 36, 38, 39, 40, 41, 
1, 2, 4, 6, 7, 8, 12, 13, 14, 18, 22, 23, 25, 26, 28, 29, 32, 34, 37, 39, 40, 41, 
2, 4, 7, 9, 10, 14, 17, 18, 19, 21, 22, 23, 24, 25, 26, 27, 28, 31, 32, 34, 35, 40, 
0, 1, 2, 3, 4, 5, 6, 9, 12, 19, 22, 23, 25, 26, 28, 29, 31, 33, 34, 37, 39, 40, 
1, 3, 4, 5, 7, 8, 9, 12, 14, 18, 20, 22, 23, 26, 28, 30, 35, 36, 37, 38, 40, 41, 
0, 3, 4, 10, 12, 13, 14, 16, 18, 20, 21, 23, 25, 27, 28, 32, 33, 35, 37, 38, 39, 41, 
1, 3, 4, 5, 12, 13, 14, 16, 18, 20, 21, 22, 25, 26, 27, 28, 29, 31, 32, 33, 34, 35, 36, 37, 39, 41, 
3, 4, 5, 7, 8, 9, 10, 11, 12, 16, 18, 20, 23, 24, 25, 26, 27, 28, 29, 30, 31, 33, 34, 37, 38, 41, 
0, 3, 7, 10, 11, 12, 15, 16, 18, 20, 21, 22, 24, 26, 27, 29, 31, 32, 34, 35, 36, 37, 38, 39, 40, 41, 
0, 1, 3, 5, 7, 8, 10, 11, 12, 13, 15, 17, 18, 19, 21, 23, 26, 27, 29, 30, 32, 34, 35, 37, 38, 41, 
2, 3, 6, 7, 8, 9, 10, 11, 14, 16, 18, 19, 20, 21, 22, 23, 24, 25, 26, 30, 32, 34, 36, 37, 38, 40, 
0, 1, 2, 4, 6, 7, 8, 9, 11, 14, 16, 17, 20, 22, 23, 26, 27, 28, 33, 34, 35, 36, 37, 38, 40, 41, 
0, 1, 3, 5, 6, 7, 8, 11, 12, 13, 14, 15, 16, 20, 23, 24, 27, 28, 29, 31, 32, 33, 34, 36, 37, 38, 
1, 4, 5, 6, 8, 10, 12, 13, 15, 16, 18, 20, 21, 22, 24, 26, 28, 29, 31, 33, 34, 35, 36, 37, 39, 40, 
0, 1, 4, 5, 7, 8, 10, 11, 13, 14, 15, 18, 19, 20, 23, 25, 26, 27, 29, 30, 31, 32, 33, 35, 37, 39, 
0, 1, 2, 4, 5, 6, 9, 11, 13, 14, 15, 16, 19, 21, 25, 28, 29, 30, 31, 32, 33, 36, 37, 39, 40, 41, 
1, 2, 3, 4, 7, 9, 10, 11, 12, 13, 14, 15, 16, 19, 20, 21, 22, 24, 27, 28, 29, 30, 31, 32, 34, 35, 36, 37, 38, 41, 
0, 1, 2, 3, 4, 6, 7, 9, 10, 11, 12, 13, 15, 16, 18, 19, 21, 22, 23, 25, 26, 27, 30, 33, 34, 37, 38, 39, 40, 41, 
0, 1, 2, 3, 4, 6, 7, 8, 10, 11, 13, 14, 15, 16, 19, 20, 22, 25, 26, 27, 30, 31, 32, 33, 34, 35, 37, 38, 39, 40, 
0, 1, 2, 3, 4, 5, 8, 9, 10, 13, 15, 16, 17, 18, 19, 20, 21, 22, 23, 24, 25, 28, 29, 31, 32, 33, 36, 37, 38, 40, 
0, 1, 2, 3, 4, 7, 8, 9, 12, 13, 14, 15, 16, 19, 21, 22, 23, 24, 25, 26, 27, 28, 29, 30, 31, 33, 34, 35, 40, 41, 
0, 1, 2, 5, 6, 7, 8, 10, 11, 12, 13, 14, 16, 17, 20, 21, 23, 24, 25, 26, 28, 30, 32, 35, 36, 37, 38, 39, 40, 41, 
0, 1, 3, 4, 5, 8, 9, 10, 12, 13, 14, 15, 18, 20, 21, 22, 23, 24, 25, 26, 27, 29, 30, 31, 33, 34, 35, 36, 38, 40, 
0, 1, 3, 4, 8, 9, 10, 11, 14, 15, 16, 17, 18, 19, 20, 21, 23, 24, 25, 27, 28, 30, 31, 32, 33, 35, 36, 37, 39, 40, 
1, 2, 4, 5, 6, 8, 9, 12, 14, 15, 16, 17, 21, 22, 23, 25, 26, 27, 28, 29, 30, 31, 32, 33, 34, 36, 38, 39, 40, 41, 
1, 2, 3, 4, 6, 7, 8, 9, 10, 11, 14, 15, 18, 19, 20, 21, 22, 23, 24, 26, 28, 29, 30, 31, 34, 35, 37, 38, 39, 40, 
0, 1, 2, 3, 4, 5, 6, 8, 9, 12, 14, 16, 17, 18, 19, 20, 21, 22, 24, 25, 27, 29, 30, 31, 32, 33, 34, 35, 36, 37, 38, 39, 40, 41, 
1, 2, 3, 4, 5, 6, 7, 8, 9, 10, 12, 13, 14, 15, 16, 17, 18, 21, 23, 24, 25, 26, 27, 28, 29, 30, 31, 32, 35, 37, 38, 39, 40, 41, 
0, 2, 3, 4, 5, 6, 7, 8, 9, 10, 11, 12, 14, 15, 17, 18, 19, 20, 21, 22, 23, 24, 25, 26, 27, 28, 31, 33, 34, 35, 36, 37, 39, 40, 
0, 2, 3, 4, 5, 6, 7, 8, 9, 10, 11, 12, 14, 16, 17, 19, 20, 21, 22, 24, 25, 27, 28, 29, 31, 32, 33, 34, 35, 36, 37, 39, 40, 41, 
1, 2, 3, 4, 5, 6, 8, 9, 10, 11, 13, 14, 15, 16, 18, 19, 20, 21, 23, 24, 26, 27, 28, 29, 30, 31, 32, 34, 35, 37, 38, 39, 40, 41, 
0, 1, 2, 3, 5, 6, 7, 8, 9, 10, 11, 12, 13, 14, 16, 17, 18, 19, 20, 21, 22, 23, 25, 26, 27, 28, 29, 30, 33, 34, 35, 36, 37, 38, 
0, 1, 4, 5, 6, 7, 8, 10, 11, 13, 15, 16, 17, 18, 19, 20, 21, 22, 23, 26, 27, 28, 29, 30, 32, 33, 34, 35, 36, 37, 38, 39, 40, 41, 
0, 1, 2, 3, 4, 6, 8, 9, 11, 13, 14, 15, 16, 17, 18, 19, 20, 21, 22, 24, 25, 27, 28, 29, 30, 31, 32, 33, 34, 35, 36, 37, 39, 41, 
0, 1, 2, 3, 4, 5, 7, 8, 9, 10, 11, 12, 13, 14, 15, 16, 17, 18, 19, 21, 23, 24, 25, 26, 27, 28, 30, 33, 34, 35, 36, 37, 38, 40, 
0, 1, 2, 3, 4, 6, 7, 8, 9, 11, 12, 14, 16, 17, 18, 20, 21, 22, 23, 24, 25, 26, 28, 29, 30, 31, 32, 33, 34, 35, 36, 37, 38, 41, 
0, 1, 2, 3, 4, 5, 6, 7, 8, 9, 10, 11, 12, 13, 14, 15, 16, 17, 19, 20, 21, 22, 23, 25, 26, 27, 29, 30, 31, 32, 33, 34, 35, 36, 37, 39, 40, 41, 
0, 1, 2, 3, 4, 6, 7, 8, 9, 10, 11, 12, 13, 14, 15, 16, 17, 18, 19, 20, 21, 22, 24, 25, 26, 27, 28, 29, 31, 33, 34, 35, 36, 37, 38, 39, 40, 41, 
0, 1, 2, 3, 5, 6, 7, 9, 10, 11, 12, 13, 14, 15, 16, 17, 18, 20, 21, 22, 23, 25, 26, 27, 28, 29, 30, 31, 32, 33, 34, 35, 36, 37, 38, 39, 40, 41, 
0, 1, 2, 3, 4, 5, 6, 7, 8, 9, 10, 12, 13, 14, 15, 16, 18, 19, 20, 21, 22, 23, 24, 26, 27, 28, 29, 31, 32, 33, 34, 35, 36, 37, 38, 39, 40, 41, 
0, 1, 3, 4, 5, 6, 8, 9, 10, 11, 12, 13, 14, 15, 17, 18, 19, 20, 21, 22, 23, 24, 25, 26, 27, 28, 29, 30, 31, 32, 33, 34, 35, 36, 38, 39, 40, 41, 
0, 1, 2, 3, 4, 5, 6, 7, 8, 9, 10, 11, 12, 13, 15, 16, 17, 18, 19, 20, 21, 22, 23, 24, 25, 26, 27, 28, 30, 31, 32, 33, 35, 36, 37, 38, 39, 41, 
0, 1, 2, 3, 4, 5, 6, 7, 8, 10, 11, 12, 14, 15, 16, 17, 18, 20, 21, 22, 23, 24, 25, 26, 27, 28, 29, 30, 31, 33, 34, 35, 36, 37, 38, 39, 40, 41, 
0, 1, 2, 3, 4, 5, 6, 7, 8, 9, 11, 12, 13, 14, 15, 16, 17, 18, 20, 21, 22, 23, 25, 26, 28, 29, 30, 31, 32, 33, 34, 35, 36, 37, 38, 39, 40, 41, 
0, 1, 2, 3, 4, 5, 6, 7, 8, 9, 10, 11, 12, 13, 14, 15, 16, 17, 18, 19, 21, 22, 23, 25, 26, 27, 29, 30, 32, 33, 34, 35, 36, 37, 38, 39, 40, 41, 
0, 1, 2, 3, 4, 5, 6, 7, 8, 9, 10, 11, 12, 13, 14, 15, 16, 18, 19, 20, 22, 23, 24, 26, 27, 28, 29, 30, 31, 32, 33, 34, 35, 36, 37, 38, 39, 40, 
WIKIPEDIA
0, 6, 
2, 3, 
1, 7, 
0, 10, 
8, 9, 
8, 7, 
8, 3, 
5, 6, 
0, 7, 
1, 3, 
1, 10, 5, 
0, 2, 10, 
10, 3, 7, 
8, 1, 4, 
8, 9, 5, 
10, 5, 7, 
5, 6, 7, 
0, 9, 4, 
8, 9, 6, 
0, 2, 7, 
8, 1, 6, 9, 
9, 4, 5, 7, 
0, 1, 5, 6, 
8, 9, 3, 5, 
8, 2, 4, 5, 
2, 3, 6, 7, 
0, 10, 3, 7, 
2, 9, 10, 3, 
2, 3, 4, 7, 
0, 1, 4, 5, 
0, 2, 3, 5, 9, 
0, 3, 4, 6, 7, 
0, 1, 3, 9, 10, 
4, 5, 6, 7, 9, 
0, 1, 6, 7, 10, 
0, 3, 5, 7, 9, 
0, 1, 7, 8, 10, 
0, 1, 5, 6, 9, 
0, 1, 4, 6, 10, 
0, 1, 2, 3, 6, 
2, 4, 5, 6, 8, 9, 
1, 2, 3, 4, 7, 8, 
0, 1, 4, 6, 8, 9, 
2, 4, 5, 6, 8, 10, 
0, 1, 6, 7, 8, 10, 
1, 2, 4, 5, 7, 9, 
0, 3, 5, 6, 7, 10, 
1, 2, 6, 7, 8, 10, 
0, 3, 5, 6, 7, 8, 
1, 3, 5, 6, 9, 10, 
1, 2, 3, 4, 7, 8, 9, 
0, 1, 3, 4, 5, 6, 8, 
0, 1, 2, 3, 4, 6, 7, 
0, 1, 2, 3, 4, 7, 8, 
0, 2, 4, 5, 6, 9, 10, 
0, 1, 4, 5, 6, 7, 8, 
0, 1, 3, 4, 5, 6, 9, 
1, 2, 6, 7, 8, 9, 10, 
0, 1, 3, 5, 6, 7, 9, 
0, 2, 4, 6, 7, 8, 10, 
0, 1, 3, 4, 5, 6, 7, 8, 
1, 2, 4, 6, 7, 8, 9, 10, 
1, 2, 3, 5, 6, 7, 8, 9, 
0, 3, 4, 5, 6, 7, 8, 9, 
0, 1, 2, 3, 4, 7, 8, 10, 
2, 3, 4, 5, 6, 7, 9, 10, 
0, 1, 2, 4, 5, 6, 9, 10, 
0, 1, 2, 5, 6, 7, 8, 9, 
0, 2, 3, 4, 5, 6, 7, 8, 
0, 1, 2, 3, 5, 6, 8, 10, 
0, 1, 2, 5, 6, 7, 8, 9, 10, 
0, 1, 3, 4, 5, 6, 7, 9, 10, 
0, 1, 4, 5, 6, 7, 8, 9, 10, 
0, 3, 4, 5, 6, 7, 8, 9, 10, 
0, 1, 3, 4, 5, 7, 8, 9, 10, 
0, 1, 2, 3, 4, 5, 6, 7, 10, 
0, 1, 2, 3, 4, 5, 8, 9, 10, 
0, 1, 2, 3, 4, 5, 6, 8, 10, 
0, 1, 2, 4, 6, 7, 8, 9, 10, 
0, 2, 3, 4, 5, 6, 7, 8, 9, 
0, 1, 2, 3, 4, 5, 6, 7, 8, 10, 
0, 1, 2, 4, 5, 6, 7, 8, 9, 10, 
0, 1, 2, 3, 5, 6, 7, 8, 9, 10, 
1, 2, 3, 4, 5, 6, 7, 8, 9, 10, 
0, 1, 3, 4, 5, 6, 7, 8, 9, 10, 
0, 2, 3, 4, 5, 6, 7, 8, 9, 10, 
0, 1, 2, 3, 4, 6, 7, 8, 9, 10, 
0, 1, 2, 3, 4, 5, 6, 7, 9, 10, 
0, 1, 2, 3, 4, 5, 6, 7, 8, 9, 
0, 1, 2, 3, 4, 5, 7, 8, 9, 10, 
TPCH
36, 20, 7, 24, 30, 
51, 23, 37, 7, 45, 
16, 18, 21, 42, 45, 
48, 35, 6, 54, 31, 
32, 35, 7, 39, 28, 
32, 1, 53, 29, 14, 
50, 39, 21, 7, 24, 
0, 49, 23, 43, 47, 
3, 45, 9, 27, 13, 
49, 54, 39, 22, 42, 
0, 40, 15, 50, 19, 20, 23, 25, 30, 31, 
35, 4, 6, 14, 17, 19, 53, 22, 26, 27, 
3, 5, 6, 39, 7, 46, 16, 17, 18, 20, 
3, 5, 46, 14, 16, 18, 52, 53, 30, 31, 
33, 37, 38, 10, 12, 49, 19, 22, 28, 31, 
1, 39, 9, 42, 11, 44, 43, 46, 17, 25, 
3, 38, 11, 44, 45, 12, 49, 21, 26, 27, 
0, 34, 6, 8, 9, 14, 49, 53, 25, 28, 
33, 2, 37, 40, 9, 42, 45, 51, 29, 30, 
3, 8, 42, 43, 17, 50, 21, 24, 25, 26, 
35, 36, 37, 7, 10, 13, 47, 48, 17, 16, 51, 19, 22, 26, 31, 
34, 37, 9, 12, 13, 48, 17, 16, 21, 54, 53, 24, 27, 30, 31, 
0, 33, 2, 8, 9, 42, 10, 44, 43, 47, 48, 52, 23, 24, 26, 
2, 3, 34, 7, 11, 46, 14, 18, 19, 20, 25, 27, 28, 30, 31, 
35, 4, 5, 6, 39, 38, 41, 9, 11, 44, 13, 14, 52, 24, 30, 
0, 1, 3, 36, 38, 8, 12, 13, 16, 17, 48, 20, 21, 24, 30, 
33, 35, 4, 37, 40, 10, 42, 14, 15, 48, 51, 54, 22, 28, 30, 
1, 2, 34, 35, 7, 9, 15, 48, 50, 52, 20, 54, 24, 26, 28, 
0, 1, 37, 38, 40, 46, 47, 50, 20, 21, 54, 53, 25, 27, 29, 
0, 33, 32, 36, 40, 41, 10, 42, 14, 16, 19, 21, 54, 30, 31, 
0, 3, 10, 11, 13, 14, 17, 18, 20, 22, 25, 28, 33, 36, 38, 39, 44, 45, 46, 47, 
0, 3, 5, 7, 8, 11, 14, 17, 23, 30, 36, 37, 39, 40, 41, 43, 46, 49, 50, 52, 
1, 4, 6, 10, 11, 14, 17, 19, 26, 27, 31, 32, 35, 36, 37, 39, 41, 46, 47, 52, 
5, 6, 8, 10, 17, 18, 21, 24, 27, 29, 34, 35, 38, 41, 42, 43, 44, 45, 46, 51, 
2, 6, 8, 10, 11, 12, 17, 18, 19, 20, 23, 24, 29, 30, 34, 39, 45, 50, 53, 54, 
1, 5, 11, 12, 14, 15, 17, 19, 20, 29, 33, 34, 35, 39, 40, 41, 43, 47, 48, 53, 
0, 3, 4, 9, 12, 14, 18, 19, 22, 23, 25, 28, 32, 33, 38, 44, 45, 46, 48, 51, 
1, 4, 5, 7, 9, 10, 12, 14, 18, 19, 32, 34, 37, 39, 40, 41, 43, 44, 53, 54, 
1, 2, 5, 10, 11, 12, 19, 20, 23, 24, 29, 32, 36, 38, 40, 42, 43, 47, 49, 54, 
3, 6, 7, 9, 12, 13, 16, 19, 20, 22, 25, 26, 27, 31, 35, 37, 41, 46, 48, 50, 
2, 4, 5, 6, 8, 10, 12, 19, 21, 23, 24, 26, 27, 29, 30, 32, 36, 37, 38, 39, 40, 41, 42, 44, 46, 
1, 2, 3, 4, 6, 7, 8, 9, 12, 14, 16, 18, 19, 23, 26, 27, 29, 30, 32, 37, 42, 50, 51, 53, 54, 
0, 4, 6, 8, 10, 11, 17, 19, 21, 22, 25, 26, 27, 28, 31, 33, 34, 38, 44, 45, 46, 48, 49, 50, 54, 
2, 3, 4, 5, 6, 9, 11, 13, 16, 17, 21, 25, 29, 30, 31, 33, 36, 37, 39, 40, 41, 46, 50, 52, 54, 
0, 1, 5, 6, 7, 11, 14, 16, 17, 18, 24, 26, 27, 29, 32, 36, 39, 41, 43, 44, 45, 47, 48, 51, 54, 
1, 2, 3, 10, 15, 18, 19, 23, 25, 26, 28, 29, 31, 34, 35, 37, 38, 39, 40, 41, 43, 44, 47, 51, 54, 
1, 3, 5, 6, 10, 12, 14, 15, 16, 17, 20, 25, 26, 27, 29, 31, 33, 37, 39, 40, 41, 44, 50, 53, 54, 
0, 3, 4, 8, 12, 13, 14, 18, 19, 20, 21, 26, 27, 31, 32, 33, 34, 39, 40, 43, 46, 47, 49, 50, 51, 
0, 3, 7, 8, 11, 13, 14, 16, 17, 18, 19, 20, 21, 24, 25, 26, 30, 31, 33, 37, 40, 46, 49, 50, 53, 
0, 2, 4, 6, 8, 10, 12, 13, 14, 17, 18, 23, 24, 28, 31, 33, 36, 37, 38, 40, 41, 43, 44, 48, 52, 
0, 1, 5, 6, 7, 9, 11, 15, 16, 18, 20, 23, 24, 25, 26, 27, 30, 32, 33, 34, 35, 36, 37, 40, 41, 42, 44, 45, 49, 51, 
0, 2, 4, 6, 8, 13, 15, 16, 17, 18, 19, 20, 23, 24, 25, 26, 30, 31, 32, 35, 36, 39, 41, 42, 45, 47, 49, 52, 53, 54, 
0, 1, 2, 3, 7, 10, 12, 17, 19, 21, 22, 23, 25, 26, 28, 32, 33, 34, 36, 37, 38, 39, 41, 43, 45, 47, 48, 49, 52, 54, 
4, 7, 9, 10, 11, 14, 15, 16, 18, 19, 20, 21, 22, 23, 24, 27, 28, 32, 34, 37, 38, 39, 41, 44, 46, 47, 49, 51, 52, 53, 
2, 5, 6, 7, 8, 10, 11, 15, 16, 17, 18, 20, 21, 22, 24, 25, 26, 27, 33, 36, 37, 39, 43, 45, 47, 48, 49, 50, 52, 54, 
2, 3, 5, 6, 9, 10, 15, 16, 17, 18, 21, 22, 23, 24, 26, 28, 29, 33, 35, 42, 43, 45, 46, 47, 48, 49, 50, 51, 52, 53, 
0, 2, 3, 4, 5, 8, 9, 10, 12, 13, 16, 17, 18, 19, 20, 22, 25, 27, 29, 30, 35, 41, 43, 44, 46, 47, 48, 49, 53, 54, 
0, 1, 3, 4, 5, 7, 9, 10, 12, 16, 17, 18, 19, 24, 25, 26, 27, 28, 29, 30, 31, 32, 33, 34, 39, 42, 44, 49, 52, 54, 
0, 2, 4, 5, 6, 8, 10, 12, 13, 14, 15, 17, 22, 24, 26, 28, 29, 32, 34, 35, 37, 38, 39, 45, 47, 48, 49, 51, 52, 54, 
0, 1, 3, 4, 7, 9, 10, 11, 12, 13, 15, 19, 21, 23, 24, 26, 27, 28, 32, 33, 34, 38, 41, 42, 43, 46, 47, 49, 50, 54, 
2, 3, 5, 6, 7, 10, 13, 14, 15, 17, 18, 20, 21, 22, 23, 25, 26, 27, 28, 30, 32, 34, 36, 38, 39, 40, 41, 42, 43, 45, 47, 48, 50, 52, 53, 
1, 3, 4, 5, 7, 8, 10, 11, 15, 16, 18, 19, 22, 23, 25, 29, 30, 31, 32, 34, 35, 36, 38, 39, 40, 41, 43, 44, 45, 46, 48, 51, 52, 53, 54, 
0, 1, 3, 4, 5, 6, 7, 8, 9, 10, 11, 12, 13, 14, 17, 19, 22, 27, 30, 31, 33, 34, 35, 36, 37, 39, 41, 43, 45, 46, 47, 48, 49, 53, 54, 
4, 6, 7, 8, 9, 11, 12, 13, 15, 16, 19, 20, 21, 22, 24, 25, 26, 28, 31, 34, 35, 36, 37, 40, 41, 42, 44, 46, 47, 48, 49, 50, 51, 52, 53, 
0, 1, 2, 3, 6, 9, 10, 11, 13, 14, 16, 18, 19, 20, 23, 25, 26, 27, 28, 29, 30, 33, 34, 35, 36, 39, 40, 41, 44, 46, 47, 51, 52, 53, 54, 
1, 4, 5, 6, 8, 10, 12, 13, 15, 16, 18, 19, 20, 21, 23, 24, 25, 27, 28, 29, 30, 31, 32, 33, 34, 36, 38, 39, 42, 43, 47, 48, 49, 53, 54, 
0, 1, 2, 6, 7, 8, 9, 10, 11, 13, 16, 17, 18, 21, 22, 23, 24, 25, 27, 29, 31, 33, 34, 39, 41, 42, 43, 44, 45, 47, 48, 49, 51, 53, 54, 
0, 1, 5, 6, 7, 8, 9, 11, 13, 15, 17, 18, 19, 21, 22, 24, 25, 28, 29, 30, 31, 33, 34, 36, 38, 39, 42, 43, 44, 46, 47, 48, 51, 52, 54, 
3, 4, 5, 8, 9, 11, 13, 14, 17, 18, 19, 20, 21, 22, 23, 25, 26, 31, 32, 34, 35, 36, 37, 39, 40, 41, 43, 44, 46, 49, 50, 51, 52, 53, 54, 
0, 3, 5, 7, 8, 10, 11, 12, 14, 18, 19, 20, 21, 24, 25, 27, 29, 31, 33, 36, 37, 39, 40, 41, 42, 43, 44, 45, 46, 47, 48, 49, 50, 52, 54, 
0, 1, 6, 7, 9, 11, 12, 13, 14, 15, 16, 17, 18, 19, 20, 21, 22, 23, 25, 26, 27, 28, 29, 30, 31, 34, 35, 36, 37, 38, 39, 40, 41, 42, 43, 45, 47, 48, 49, 50, 
0, 1, 2, 3, 4, 5, 6, 8, 9, 11, 12, 14, 15, 19, 20, 23, 24, 25, 28, 29, 30, 31, 32, 33, 35, 36, 37, 38, 39, 40, 41, 43, 44, 45, 48, 49, 50, 51, 53, 54, 
0, 1, 2, 3, 4, 5, 8, 10, 12, 13, 14, 15, 16, 17, 18, 19, 22, 24, 25, 26, 27, 28, 29, 30, 31, 33, 34, 35, 36, 37, 38, 39, 41, 45, 46, 47, 50, 52, 53, 54, 
0, 1, 2, 3, 4, 7, 8, 11, 13, 14, 15, 16, 17, 18, 19, 20, 21, 22, 24, 27, 28, 29, 31, 32, 33, 34, 35, 36, 38, 39, 40, 41, 42, 44, 45, 46, 48, 50, 51, 54, 
0, 2, 3, 4, 5, 6, 7, 9, 12, 13, 14, 15, 16, 17, 18, 20, 23, 25, 27, 28, 29, 30, 32, 35, 36, 37, 38, 39, 40, 41, 43, 44, 45, 46, 47, 49, 51, 52, 53, 54, 
1, 2, 3, 4, 5, 6, 7, 8, 9, 11, 13, 14, 15, 16, 17, 18, 22, 24, 25, 26, 27, 28, 29, 30, 33, 36, 38, 39, 40, 41, 42, 43, 44, 45, 47, 48, 49, 50, 51, 54, 
0, 2, 3, 4, 5, 7, 8, 9, 10, 11, 12, 13, 16, 17, 18, 19, 20, 22, 24, 25, 28, 29, 30, 32, 34, 35, 36, 37, 38, 39, 40, 41, 42, 46, 49, 50, 51, 52, 53, 54, 
0, 1, 2, 3, 4, 5, 6, 8, 10, 12, 13, 14, 15, 17, 20, 23, 24, 25, 26, 27, 29, 30, 31, 32, 33, 34, 40, 41, 42, 43, 44, 45, 46, 47, 48, 50, 51, 52, 53, 54, 
2, 5, 6, 7, 8, 9, 10, 11, 12, 13, 15, 16, 18, 19, 22, 23, 24, 25, 27, 28, 29, 31, 32, 33, 35, 36, 37, 38, 39, 40, 41, 43, 44, 46, 47, 49, 51, 52, 53, 54, 
0, 8, 9, 10, 11, 12, 13, 14, 15, 17, 18, 19, 20, 21, 22, 23, 24, 25, 26, 27, 28, 30, 31, 32, 33, 34, 36, 37, 39, 40, 43, 44, 45, 46, 47, 49, 50, 51, 52, 53, 
0, 1, 2, 3, 5, 6, 7, 8, 9, 10, 11, 13, 14, 15, 16, 19, 20, 21, 22, 23, 24, 25, 26, 27, 28, 29, 30, 31, 32, 33, 34, 36, 37, 38, 39, 41, 42, 43, 45, 46, 47, 50, 51, 53, 54, 
0, 1, 2, 3, 4, 5, 6, 7, 8, 9, 10, 12, 13, 14, 15, 16, 17, 19, 20, 21, 22, 23, 24, 25, 26, 28, 29, 30, 31, 32, 34, 35, 36, 37, 39, 40, 42, 43, 45, 46, 48, 49, 50, 52, 53, 
1, 3, 4, 5, 6, 7, 8, 10, 11, 12, 13, 14, 15, 16, 17, 19, 20, 21, 22, 23, 24, 25, 26, 27, 28, 29, 30, 33, 35, 36, 38, 40, 41, 42, 44, 45, 46, 47, 48, 49, 50, 51, 52, 53, 54, 
0, 1, 2, 3, 4, 5, 6, 8, 10, 13, 14, 16, 18, 19, 20, 21, 22, 23, 24, 25, 26, 27, 28, 29, 30, 31, 32, 34, 35, 36, 37, 38, 39, 40, 42, 44, 45, 46, 47, 48, 50, 51, 52, 53, 54, 
0, 1, 2, 3, 4, 5, 6, 7, 8, 10, 11, 12, 14, 15, 16, 17, 18, 19, 21, 22, 23, 24, 26, 27, 28, 30, 31, 33, 34, 36, 37, 38, 39, 40, 41, 44, 45, 46, 47, 48, 49, 50, 52, 53, 54, 
0, 1, 2, 3, 4, 5, 6, 7, 8, 9, 10, 11, 12, 13, 15, 16, 17, 18, 20, 21, 22, 23, 24, 25, 26, 28, 29, 30, 31, 32, 35, 36, 37, 38, 40, 41, 42, 43, 45, 48, 49, 50, 51, 53, 54, 
0, 1, 2, 3, 4, 5, 6, 10, 12, 13, 15, 16, 17, 18, 19, 20, 21, 22, 23, 25, 26, 27, 28, 29, 30, 31, 33, 34, 35, 36, 37, 38, 39, 40, 41, 42, 43, 44, 45, 47, 48, 49, 50, 52, 53, 
0, 2, 3, 4, 7, 8, 9, 10, 11, 12, 14, 15, 16, 17, 18, 19, 20, 21, 22, 23, 24, 25, 26, 27, 29, 30, 31, 32, 33, 35, 36, 37, 39, 40, 41, 42, 43, 44, 45, 47, 48, 49, 51, 52, 54, 
0, 1, 2, 3, 4, 6, 7, 8, 9, 10, 11, 12, 14, 15, 16, 17, 18, 20, 21, 22, 23, 24, 25, 26, 28, 29, 30, 31, 32, 33, 34, 35, 36, 37, 38, 39, 40, 41, 43, 44, 46, 48, 50, 51, 52, 
0, 1, 2, 3, 5, 6, 7, 8, 9, 10, 11, 13, 14, 15, 16, 18, 20, 21, 22, 23, 24, 26, 27, 28, 29, 30, 31, 32, 33, 34, 35, 37, 38, 41, 42, 43, 44, 46, 47, 48, 49, 51, 52, 53, 54, 
0, 1, 2, 3, 4, 5, 6, 7, 8, 9, 10, 11, 12, 13, 14, 15, 16, 17, 18, 19, 20, 21, 22, 23, 24, 26, 27, 28, 29, 30, 32, 33, 34, 35, 37, 38, 39, 41, 42, 43, 44, 45, 46, 47, 48, 49, 50, 51, 52, 54, 
0, 1, 2, 3, 4, 5, 6, 7, 8, 9, 10, 11, 12, 13, 14, 15, 16, 17, 18, 19, 20, 21, 22, 23, 24, 25, 26, 27, 28, 29, 30, 32, 33, 34, 36, 37, 38, 39, 40, 41, 42, 43, 45, 46, 47, 48, 49, 50, 51, 53, 
0, 1, 2, 3, 5, 6, 7, 8, 9, 10, 11, 12, 14, 15, 16, 19, 20, 21, 22, 23, 24, 26, 27, 28, 29, 30, 31, 32, 33, 34, 35, 36, 37, 38, 39, 40, 41, 42, 43, 44, 45, 46, 47, 48, 49, 50, 51, 52, 53, 54, 
0, 1, 2, 3, 4, 5, 6, 7, 8, 9, 11, 12, 13, 14, 15, 16, 17, 18, 19, 20, 21, 22, 23, 24, 25, 26, 27, 29, 30, 31, 32, 34, 35, 37, 38, 40, 41, 42, 43, 44, 45, 46, 47, 48, 49, 50, 51, 52, 53, 54, 
0, 1, 2, 3, 4, 5, 6, 7, 8, 10, 11, 12, 13, 14, 16, 17, 18, 19, 20, 21, 22, 24, 25, 26, 27, 28, 29, 30, 31, 33, 34, 35, 36, 37, 38, 39, 40, 41, 42, 43, 44, 46, 47, 48, 49, 50, 51, 52, 53, 54, 
0, 1, 2, 3, 4, 5, 7, 8, 9, 10, 11, 13, 14, 15, 16, 17, 18, 19, 20, 21, 22, 23, 24, 26, 27, 28, 29, 30, 31, 32, 34, 35, 36, 37, 38, 39, 41, 42, 43, 44, 45, 46, 47, 48, 49, 50, 51, 52, 53, 54, 
0, 1, 2, 3, 4, 6, 7, 8, 9, 10, 11, 12, 14, 15, 16, 17, 18, 19, 20, 21, 22, 23, 24, 25, 26, 27, 28, 29, 30, 31, 32, 33, 34, 35, 36, 37, 38, 39, 40, 42, 43, 44, 45, 46, 47, 48, 50, 51, 52, 53, 
0, 1, 2, 3, 4, 5, 6, 7, 8, 9, 10, 11, 12, 13, 14, 15, 16, 17, 18, 19, 20, 21, 22, 23, 25, 26, 27, 28, 29, 30, 31, 32, 33, 34, 37, 38, 39, 41, 42, 43, 44, 45, 46, 47, 48, 50, 51, 52, 53, 54, 
0, 1, 2, 3, 4, 5, 6, 7, 8, 9, 10, 12, 13, 14, 15, 16, 17, 18, 19, 20, 21, 22, 24, 25, 28, 29, 30, 31, 32, 33, 34, 35, 36, 37, 38, 39, 40, 41, 42, 43, 44, 45, 46, 47, 48, 50, 51, 52, 53, 54, 
0, 1, 2, 3, 4, 5, 6, 7, 8, 9, 10, 11, 12, 13, 14, 15, 16, 17, 18, 19, 20, 22, 23, 24, 26, 27, 28, 29, 30, 31, 32, 33, 34, 35, 36, 37, 38, 40, 41, 42, 43, 44, 45, 47, 48, 49, 50, 51, 53, 54, 
IMDB
48, 17, 83, 43, 
88, 60, 13, 15, 
46, 1, 3, 54, 
90, 43, 92, 31, 
88, 32, 51, 76, 
24, 51, 93, 54, 
72, 89, 74, 87, 
48, 61, 13, 38, 
41, 7, 52, 79, 
0, 17, 62, 7, 
70, 27, 75, 76, 46, 15, 48, 51, 54, 55, 24, 26, 91, 
0, 36, 12, 77, 15, 80, 50, 21, 22, 23, 24, 91, 28, 
35, 5, 11, 78, 47, 16, 51, 84, 23, 90, 93, 62, 31, 
3, 38, 39, 72, 6, 74, 43, 12, 78, 19, 52, 84, 57, 
1, 2, 7, 40, 8, 43, 13, 15, 16, 17, 82, 30, 31, 
33, 26, 3, 38, 70, 75, 13, 78, 15, 21, 85, 87, 58, 
36, 4, 71, 42, 75, 46, 79, 48, 50, 18, 21, 86, 57, 
33, 34, 40, 41, 75, 77, 78, 79, 49, 21, 23, 61, 63, 
2, 3, 35, 4, 75, 76, 78, 47, 79, 16, 50, 53, 90, 
69, 7, 76, 13, 46, 80, 53, 86, 56, 88, 92, 29, 62, 
5, 7, 9, 10, 77, 15, 20, 21, 22, 23, 87, 25, 92, 31, 36, 37, 39, 44, 47, 49, 51, 61, 
0, 66, 69, 6, 73, 76, 79, 80, 17, 22, 25, 30, 34, 40, 41, 44, 48, 49, 54, 61, 62, 63, 
0, 66, 9, 76, 85, 86, 90, 28, 92, 30, 31, 93, 34, 43, 44, 45, 49, 52, 53, 54, 55, 56, 
66, 67, 5, 8, 11, 77, 15, 79, 80, 18, 86, 27, 33, 34, 40, 42, 43, 45, 47, 50, 59, 61, 
0, 65, 3, 69, 6, 70, 8, 75, 12, 79, 82, 83, 85, 24, 88, 93, 31, 37, 45, 47, 51, 57, 
0, 4, 68, 7, 8, 72, 76, 78, 79, 81, 18, 86, 90, 27, 93, 35, 40, 41, 42, 44, 57, 58, 
1, 69, 70, 7, 71, 79, 17, 18, 19, 91, 28, 93, 30, 35, 37, 41, 45, 46, 47, 49, 51, 60, 
1, 2, 66, 68, 5, 9, 11, 12, 16, 17, 19, 86, 26, 31, 32, 42, 51, 52, 53, 54, 59, 63, 
65, 2, 76, 78, 79, 80, 87, 25, 89, 29, 34, 35, 36, 39, 44, 45, 47, 49, 50, 58, 59, 61, 
0, 1, 4, 68, 71, 9, 73, 75, 12, 20, 85, 87, 26, 91, 92, 37, 45, 48, 53, 54, 62, 63, 
2, 66, 6, 72, 10, 74, 76, 13, 14, 15, 77, 17, 82, 19, 84, 21, 22, 24, 25, 38, 39, 41, 43, 46, 51, 52, 54, 56, 57, 61, 63, 
64, 65, 2, 67, 4, 5, 69, 70, 9, 73, 76, 13, 77, 16, 81, 18, 19, 20, 83, 89, 93, 34, 36, 37, 39, 42, 46, 47, 49, 56, 57, 
66, 3, 68, 6, 9, 73, 75, 77, 78, 80, 20, 84, 22, 86, 26, 90, 28, 29, 92, 31, 32, 33, 35, 44, 46, 48, 56, 57, 58, 59, 62, 
64, 1, 2, 67, 69, 9, 75, 78, 79, 16, 80, 81, 83, 21, 86, 87, 90, 91, 32, 34, 38, 44, 45, 47, 48, 49, 53, 54, 59, 62, 63, 
0, 1, 64, 66, 67, 6, 7, 8, 71, 73, 75, 76, 13, 14, 19, 20, 24, 25, 26, 31, 32, 33, 37, 40, 41, 46, 49, 51, 54, 56, 63, 
64, 67, 7, 8, 12, 13, 78, 17, 19, 83, 23, 24, 25, 88, 89, 29, 30, 32, 33, 34, 35, 37, 40, 45, 46, 49, 50, 51, 55, 57, 61, 
64, 1, 4, 6, 7, 9, 10, 11, 76, 14, 78, 16, 17, 19, 20, 22, 88, 25, 89, 90, 91, 31, 37, 39, 40, 45, 47, 56, 57, 58, 60, 
0, 66, 4, 70, 7, 8, 9, 71, 11, 74, 79, 16, 81, 18, 19, 83, 22, 23, 86, 90, 32, 34, 37, 40, 41, 44, 45, 48, 51, 52, 53, 
1, 65, 3, 4, 69, 70, 9, 76, 16, 81, 83, 21, 22, 23, 89, 26, 28, 30, 31, 32, 39, 42, 44, 47, 48, 51, 52, 54, 59, 61, 62, 
64, 65, 2, 4, 71, 72, 73, 74, 11, 75, 78, 80, 21, 22, 23, 87, 26, 27, 92, 29, 30, 32, 35, 37, 40, 41, 43, 44, 45, 54, 55, 
2, 5, 7, 10, 11, 12, 13, 15, 16, 17, 18, 19, 22, 24, 26, 28, 30, 32, 33, 36, 37, 43, 44, 49, 52, 55, 62, 64, 67, 68, 71, 72, 75, 76, 83, 85, 86, 87, 88, 90, 
0, 4, 7, 8, 10, 12, 14, 15, 17, 18, 21, 26, 27, 29, 30, 31, 32, 34, 37, 39, 40, 41, 44, 59, 61, 63, 65, 67, 69, 70, 75, 77, 78, 80, 83, 87, 89, 90, 91, 92, 
0, 1, 3, 5, 6, 10, 11, 12, 19, 23, 24, 26, 28, 32, 33, 35, 37, 39, 40, 42, 45, 50, 53, 54, 57, 61, 65, 67, 68, 72, 74, 75, 78, 79, 81, 82, 83, 87, 88, 91, 
1, 4, 5, 7, 8, 11, 13, 15, 16, 18, 22, 23, 25, 26, 27, 29, 30, 31, 34, 36, 37, 38, 41, 49, 50, 52, 56, 57, 58, 59, 63, 67, 68, 70, 74, 75, 78, 84, 86, 88, 
0, 2, 7, 8, 9, 10, 13, 15, 16, 19, 22, 23, 24, 26, 30, 32, 34, 37, 38, 39, 42, 46, 49, 50, 52, 56, 57, 60, 62, 63, 64, 65, 69, 70, 71, 80, 81, 87, 90, 93, 
3, 8, 10, 12, 16, 18, 21, 23, 26, 27, 28, 29, 31, 33, 34, 36, 39, 42, 43, 44, 47, 48, 49, 50, 51, 53, 54, 56, 57, 60, 63, 64, 67, 74, 79, 82, 83, 90, 91, 93, 
1, 5, 9, 11, 13, 15, 17, 19, 22, 23, 26, 27, 32, 35, 36, 37, 38, 41, 45, 47, 48, 49, 54, 55, 56, 57, 63, 65, 69, 73, 74, 75, 76, 77, 79, 80, 82, 84, 91, 93, 
0, 1, 3, 4, 7, 11, 14, 16, 18, 20, 21, 25, 26, 29, 32, 35, 36, 38, 40, 41, 43, 48, 49, 50, 55, 60, 62, 67, 68, 74, 75, 76, 79, 80, 82, 83, 84, 89, 90, 93, 
0, 1, 3, 7, 8, 9, 10, 11, 14, 19, 28, 31, 33, 34, 35, 37, 40, 42, 43, 46, 47, 50, 53, 54, 55, 58, 59, 64, 66, 67, 70, 74, 75, 79, 80, 85, 87, 89, 90, 93, 
2, 4, 5, 7, 8, 11, 15, 16, 17, 19, 20, 26, 27, 29, 30, 32, 33, 34, 37, 38, 39, 40, 41, 46, 51, 56, 59, 64, 65, 66, 67, 71, 76, 80, 81, 85, 87, 89, 90, 93, 
1, 5, 6, 7, 8, 9, 13, 15, 17, 19, 22, 29, 30, 36, 39, 41, 42, 43, 44, 46, 47, 51, 52, 53, 54, 55, 57, 58, 59, 60, 61, 62, 66, 68, 69, 70, 71, 74, 76, 78, 81, 82, 84, 85, 86, 90, 91, 92, 93, 
1, 2, 3, 4, 5, 11, 13, 14, 15, 16, 17, 18, 22, 25, 26, 28, 34, 35, 41, 44, 45, 46, 47, 48, 50, 51, 53, 54, 55, 56, 58, 59, 61, 62, 66, 67, 69, 70, 73, 74, 77, 81, 82, 84, 85, 86, 90, 91, 93, 
0, 4, 7, 8, 11, 13, 17, 19, 20, 23, 25, 28, 29, 31, 32, 33, 34, 35, 38, 42, 44, 45, 46, 47, 48, 49, 51, 54, 55, 56, 58, 59, 62, 63, 64, 67, 70, 71, 72, 76, 78, 79, 80, 81, 85, 88, 89, 90, 92, 
0, 1, 3, 4, 9, 10, 11, 12, 13, 14, 16, 18, 21, 22, 23, 24, 25, 26, 30, 32, 33, 35, 37, 39, 40, 41, 44, 45, 50, 51, 53, 54, 55, 56, 58, 59, 64, 65, 67, 75, 77, 79, 81, 83, 87, 89, 90, 92, 93, 
0, 1, 8, 10, 13, 15, 16, 17, 19, 20, 21, 26, 27, 28, 29, 30, 33, 35, 36, 37, 38, 39, 40, 42, 43, 45, 46, 49, 52, 53, 55, 56, 59, 62, 63, 64, 65, 71, 72, 73, 77, 80, 83, 84, 86, 87, 88, 90, 91, 
0, 3, 4, 5, 6, 7, 8, 10, 11, 12, 13, 14, 16, 22, 23, 26, 27, 28, 30, 33, 34, 35, 36, 39, 40, 44, 47, 53, 56, 57, 60, 61, 62, 63, 65, 67, 68, 69, 70, 71, 75, 76, 78, 80, 81, 85, 88, 89, 91, 
0, 3, 8, 11, 12, 13, 14, 16, 17, 19, 20, 22, 26, 28, 29, 30, 33, 34, 35, 36, 37, 42, 43, 44, 46, 50, 55, 57, 59, 61, 62, 63, 66, 67, 69, 70, 71, 73, 74, 75, 76, 78, 80, 81, 82, 83, 85, 89, 93, 
1, 2, 3, 4, 6, 8, 9, 12, 13, 14, 15, 16, 18, 19, 20, 21, 23, 24, 25, 27, 28, 31, 33, 35, 36, 37, 38, 39, 40, 41, 42, 43, 53, 55, 56, 57, 58, 59, 61, 64, 69, 70, 76, 81, 82, 83, 84, 91, 93, 
1, 4, 9, 13, 14, 15, 16, 17, 18, 19, 20, 22, 27, 28, 30, 32, 33, 36, 37, 39, 43, 44, 46, 47, 49, 50, 51, 55, 57, 60, 61, 63, 64, 65, 69, 70, 73, 75, 76, 77, 79, 80, 82, 84, 86, 87, 90, 91, 93, 
1, 3, 6, 7, 9, 11, 13, 14, 17, 20, 21, 22, 23, 24, 26, 28, 30, 31, 34, 35, 37, 39, 41, 42, 43, 44, 46, 47, 49, 53, 56, 61, 62, 64, 66, 68, 69, 70, 72, 74, 77, 78, 79, 81, 84, 85, 87, 88, 93, 
0, 1, 2, 3, 5, 8, 11, 12, 16, 18, 20, 22, 23, 26, 28, 29, 31, 32, 33, 34, 36, 37, 39, 40, 41, 42, 45, 46, 48, 49, 51, 54, 55, 56, 59, 60, 61, 62, 63, 64, 67, 69, 70, 72, 73, 75, 76, 77, 78, 82, 83, 84, 86, 87, 90, 91, 92, 93, 
2, 3, 7, 10, 11, 12, 14, 15, 17, 19, 20, 23, 24, 26, 33, 34, 37, 39, 40, 42, 43, 44, 45, 46, 47, 48, 49, 51, 53, 54, 55, 56, 58, 59, 61, 62, 63, 66, 67, 68, 70, 71, 72, 73, 74, 75, 77, 79, 80, 81, 83, 84, 85, 86, 87, 89, 90, 93, 
2, 3, 4, 5, 7, 11, 12, 15, 16, 17, 18, 20, 21, 22, 25, 26, 27, 29, 30, 31, 32, 33, 34, 35, 36, 37, 38, 40, 41, 42, 52, 53, 54, 55, 57, 59, 60, 64, 66, 67, 68, 69, 70, 71, 72, 76, 79, 80, 82, 84, 85, 86, 87, 88, 89, 91, 92, 93, 
0, 1, 2, 4, 6, 7, 8, 10, 12, 14, 15, 17, 20, 21, 23, 24, 25, 26, 27, 28, 29, 30, 31, 32, 33, 35, 37, 39, 43, 44, 45, 46, 47, 50, 51, 54, 58, 59, 60, 61, 62, 63, 64, 65, 66, 68, 72, 74, 75, 76, 78, 79, 84, 87, 88, 89, 92, 93, 
1, 2, 3, 5, 7, 9, 10, 11, 12, 14, 15, 18, 21, 22, 23, 26, 27, 29, 30, 32, 33, 35, 37, 38, 39, 40, 41, 43, 44, 45, 46, 48, 50, 51, 52, 53, 54, 55, 56, 59, 60, 63, 65, 66, 68, 69, 70, 73, 74, 78, 79, 81, 83, 84, 86, 87, 88, 90, 
0, 1, 2, 3, 4, 5, 6, 8, 9, 10, 11, 15, 16, 18, 19, 21, 22, 24, 27, 28, 29, 30, 32, 33, 36, 38, 39, 41, 46, 48, 49, 51, 52, 53, 54, 55, 56, 57, 58, 59, 62, 63, 65, 66, 67, 70, 73, 74, 75, 76, 78, 79, 85, 86, 87, 88, 89, 91, 
0, 2, 3, 7, 8, 9, 12, 14, 15, 16, 17, 18, 19, 20, 21, 26, 27, 29, 30, 33, 34, 35, 36, 37, 38, 39, 40, 41, 42, 43, 47, 48, 50, 51, 52, 54, 55, 56, 57, 58, 60, 63, 64, 65, 66, 67, 68, 70, 71, 73, 74, 76, 77, 78, 80, 82, 85, 89, 
1, 2, 4, 5, 6, 8, 10, 11, 13, 14, 15, 16, 19, 21, 25, 26, 27, 29, 30, 31, 32, 35, 37, 41, 42, 43, 44, 45, 46, 49, 50, 51, 52, 54, 55, 56, 58, 61, 62, 64, 65, 66, 68, 70, 72, 75, 76, 78, 79, 80, 83, 85, 86, 87, 88, 91, 92, 93, 
0, 1, 2, 4, 5, 6, 7, 10, 11, 12, 13, 16, 17, 19, 20, 22, 23, 24, 27, 28, 29, 30, 31, 33, 35, 36, 38, 41, 42, 43, 46, 48, 51, 52, 53, 54, 55, 56, 60, 62, 69, 70, 71, 74, 75, 76, 77, 78, 80, 81, 82, 83, 84, 86, 87, 89, 90, 93, 
2, 3, 4, 5, 6, 7, 8, 10, 15, 18, 20, 21, 23, 24, 27, 28, 29, 30, 31, 32, 33, 34, 35, 38, 41, 42, 44, 46, 49, 54, 55, 56, 57, 59, 60, 61, 62, 63, 64, 65, 66, 67, 69, 70, 71, 73, 75, 76, 77, 80, 81, 83, 87, 88, 89, 90, 92, 93, 
1, 2, 3, 4, 5, 7, 8, 9, 11, 12, 14, 15, 17, 18, 21, 22, 23, 24, 25, 26, 28, 29, 30, 32, 33, 34, 37, 38, 39, 40, 43, 44, 45, 46, 47, 48, 49, 50, 52, 54, 55, 56, 57, 58, 59, 61, 62, 64, 66, 67, 68, 69, 70, 72, 74, 76, 78, 79, 81, 84, 85, 86, 87, 89, 90, 91, 93, 
0, 1, 3, 4, 5, 6, 7, 8, 9, 10, 11, 12, 13, 14, 15, 16, 17, 19, 21, 22, 23, 25, 26, 27, 29, 30, 32, 34, 35, 36, 37, 38, 39, 40, 41, 42, 43, 45, 46, 48, 49, 52, 53, 55, 56, 57, 59, 62, 64, 65, 66, 70, 71, 72, 73, 74, 75, 77, 78, 81, 84, 85, 86, 87, 91, 92, 93, 
0, 3, 4, 5, 7, 8, 9, 10, 13, 14, 15, 17, 19, 20, 21, 22, 23, 25, 26, 27, 28, 29, 30, 31, 32, 33, 36, 38, 39, 41, 42, 43, 46, 47, 48, 49, 50, 51, 52, 55, 56, 57, 58, 59, 60, 61, 62, 63, 64, 66, 67, 68, 69, 71, 73, 76, 78, 79, 81, 82, 84, 85, 86, 87, 88, 89, 93, 
1, 2, 4, 5, 6, 8, 10, 11, 12, 13, 15, 16, 17, 18, 19, 21, 22, 24, 25, 26, 27, 30, 31, 32, 33, 36, 37, 38, 39, 42, 43, 45, 46, 48, 49, 51, 52, 53, 54, 56, 57, 58, 60, 61, 62, 64, 66, 67, 68, 69, 70, 72, 73, 74, 75, 76, 77, 78, 80, 82, 84, 85, 87, 89, 91, 92, 93, 
0, 1, 3, 4, 5, 6, 7, 8, 10, 13, 14, 15, 17, 18, 19, 20, 23, 24, 25, 26, 28, 29, 30, 31, 32, 33, 35, 37, 38, 40, 42, 45, 47, 48, 53, 54, 55, 56, 57, 58, 60, 61, 62, 63, 64, 65, 66, 67, 68, 70, 72, 73, 75, 77, 78, 79, 80, 81, 82, 83, 86, 87, 88, 90, 91, 92, 93, 
0, 2, 3, 4, 6, 8, 11, 12, 13, 14, 15, 16, 18, 20, 21, 23, 24, 25, 28, 30, 31, 32, 33, 34, 35, 36, 37, 38, 39, 40, 43, 44, 45, 47, 48, 51, 52, 53, 54, 55, 57, 58, 59, 60, 62, 63, 64, 65, 66, 68, 70, 71, 73, 74, 75, 76, 77, 78, 79, 80, 81, 82, 83, 84, 86, 90, 93, 
0, 2, 5, 6, 7, 8, 9, 10, 12, 13, 14, 15, 16, 18, 20, 21, 23, 24, 27, 29, 30, 33, 34, 35, 36, 37, 38, 39, 40, 41, 42, 44, 45, 46, 48, 49, 51, 52, 54, 57, 59, 60, 63, 65, 66, 67, 69, 70, 72, 73, 75, 76, 77, 78, 79, 80, 82, 83, 84, 86, 87, 88, 89, 90, 91, 92, 93, 
1, 3, 4, 5, 6, 7, 8, 9, 11, 13, 15, 16, 17, 18, 19, 20, 21, 23, 26, 27, 28, 29, 31, 36, 38, 39, 40, 41, 42, 43, 44, 45, 46, 48, 49, 50, 53, 54, 56, 58, 59, 61, 62, 64, 67, 69, 70, 71, 73, 74, 75, 76, 77, 78, 79, 80, 81, 82, 83, 85, 86, 87, 88, 89, 91, 92, 93, 
1, 3, 4, 6, 7, 8, 10, 12, 14, 15, 17, 19, 20, 21, 22, 24, 25, 26, 27, 28, 29, 32, 33, 35, 38, 39, 40, 41, 44, 45, 46, 47, 48, 49, 50, 51, 52, 53, 55, 56, 58, 59, 60, 61, 62, 64, 66, 67, 69, 70, 71, 72, 73, 74, 76, 77, 79, 80, 81, 82, 83, 84, 85, 86, 87, 89, 91, 
0, 1, 2, 3, 6, 8, 9, 10, 11, 13, 14, 15, 16, 17, 18, 20, 21, 22, 23, 24, 25, 26, 27, 28, 29, 30, 31, 32, 33, 34, 37, 38, 39, 40, 42, 44, 46, 47, 49, 51, 53, 54, 55, 58, 59, 60, 62, 63, 64, 66, 68, 69, 72, 73, 74, 76, 77, 81, 82, 83, 84, 85, 89, 90, 91, 92, 93, 
0, 2, 4, 5, 6, 7, 8, 9, 10, 12, 13, 14, 15, 16, 17, 20, 21, 22, 23, 26, 28, 30, 31, 32, 33, 34, 36, 37, 38, 39, 40, 42, 43, 44, 45, 46, 47, 48, 49, 51, 52, 54, 55, 56, 57, 58, 59, 60, 61, 62, 63, 64, 65, 66, 68, 70, 71, 72, 74, 75, 76, 77, 78, 79, 81, 82, 83, 84, 86, 87, 88, 89, 90, 91, 92, 93, 
0, 1, 2, 3, 4, 5, 7, 8, 10, 11, 12, 13, 14, 15, 16, 17, 18, 19, 21, 22, 24, 26, 28, 29, 32, 33, 34, 35, 36, 37, 39, 41, 43, 44, 45, 46, 47, 48, 49, 51, 52, 53, 54, 55, 56, 57, 58, 59, 60, 61, 62, 63, 66, 67, 68, 69, 70, 71, 72, 73, 74, 75, 77, 78, 80, 81, 82, 83, 85, 87, 88, 89, 90, 91, 92, 93, 
0, 1, 2, 3, 4, 7, 8, 9, 11, 12, 14, 16, 17, 18, 19, 20, 21, 22, 23, 25, 26, 27, 28, 29, 31, 32, 33, 34, 36, 37, 38, 39, 40, 41, 42, 43, 44, 45, 46, 47, 48, 51, 52, 53, 54, 55, 56, 57, 60, 62, 63, 64, 65, 66, 67, 68, 69, 70, 71, 72, 73, 74, 75, 76, 78, 79, 80, 81, 83, 84, 86, 87, 88, 89, 91, 92, 
1, 3, 4, 5, 6, 7, 8, 9, 10, 11, 12, 13, 14, 15, 16, 19, 20, 21, 22, 23, 24, 25, 26, 27, 29, 30, 31, 32, 33, 34, 35, 36, 39, 40, 41, 42, 43, 45, 46, 47, 48, 49, 50, 52, 54, 55, 56, 57, 58, 59, 61, 62, 63, 64, 65, 66, 68, 69, 70, 71, 73, 74, 75, 76, 77, 78, 81, 82, 84, 85, 86, 87, 88, 89, 90, 91, 
2, 3, 4, 6, 7, 8, 10, 11, 12, 13, 14, 15, 16, 18, 20, 21, 22, 23, 25, 26, 27, 28, 29, 30, 31, 32, 33, 34, 35, 36, 37, 38, 39, 40, 42, 43, 44, 45, 46, 47, 48, 50, 51, 52, 53, 54, 55, 57, 60, 61, 62, 63, 64, 65, 66, 67, 69, 71, 73, 75, 76, 77, 78, 79, 80, 82, 83, 84, 85, 86, 87, 88, 89, 91, 92, 93, 
0, 1, 2, 3, 4, 5, 7, 8, 9, 11, 12, 13, 15, 16, 17, 19, 20, 21, 22, 23, 24, 25, 26, 27, 28, 29, 30, 31, 32, 34, 35, 36, 38, 40, 42, 43, 44, 45, 46, 47, 48, 49, 51, 52, 53, 54, 55, 56, 57, 58, 60, 61, 63, 64, 66, 67, 68, 69, 70, 71, 74, 75, 77, 78, 79, 80, 81, 82, 83, 84, 85, 88, 89, 90, 91, 92, 
0, 2, 3, 4, 5, 6, 8, 9, 10, 11, 12, 13, 14, 16, 18, 19, 20, 21, 22, 23, 24, 26, 27, 28, 29, 30, 31, 32, 34, 37, 38, 39, 40, 41, 42, 43, 44, 45, 46, 47, 48, 49, 51, 53, 54, 55, 56, 58, 61, 62, 63, 64, 65, 66, 67, 68, 69, 70, 72, 73, 75, 76, 77, 78, 79, 80, 81, 82, 83, 84, 85, 88, 89, 90, 92, 93, 
0, 2, 4, 5, 6, 7, 9, 11, 12, 14, 16, 17, 18, 21, 22, 23, 24, 25, 27, 28, 29, 30, 31, 32, 33, 34, 36, 37, 38, 39, 40, 41, 42, 43, 44, 46, 47, 48, 50, 51, 52, 53, 54, 56, 58, 59, 60, 62, 63, 64, 65, 66, 67, 69, 71, 72, 73, 74, 75, 76, 77, 78, 79, 80, 81, 82, 83, 84, 85, 86, 87, 88, 89, 91, 92, 93, 
1, 3, 4, 5, 6, 7, 8, 9, 10, 11, 13, 14, 15, 16, 17, 18, 19, 21, 22, 23, 24, 25, 26, 27, 28, 29, 31, 32, 33, 36, 37, 39, 41, 42, 43, 46, 47, 48, 51, 52, 54, 55, 56, 57, 59, 60, 61, 62, 63, 64, 65, 66, 67, 68, 69, 70, 71, 72, 73, 75, 76, 77, 78, 79, 81, 82, 83, 85, 86, 87, 88, 89, 90, 91, 92, 93, 
0, 1, 2, 3, 4, 5, 6, 7, 8, 10, 11, 12, 13, 14, 15, 16, 17, 18, 19, 20, 21, 22, 23, 24, 25, 26, 27, 28, 29, 31, 33, 34, 35, 36, 37, 38, 39, 40, 42, 43, 45, 46, 47, 48, 49, 50, 51, 53, 54, 55, 56, 57, 59, 60, 61, 62, 63, 66, 68, 69, 72, 73, 74, 75, 76, 77, 78, 79, 80, 81, 82, 84, 86, 87, 90, 93, 
0, 1, 2, 3, 4, 5, 6, 7, 8, 9, 10, 11, 12, 15, 16, 17, 18, 19, 20, 21, 22, 23, 24, 25, 26, 27, 28, 29, 30, 31, 33, 34, 35, 36, 38, 39, 40, 41, 42, 43, 44, 45, 46, 47, 48, 49, 50, 52, 53, 54, 55, 56, 57, 58, 59, 60, 61, 62, 63, 64, 65, 66, 67, 68, 69, 70, 71, 72, 73, 74, 75, 76, 77, 78, 79, 80, 81, 86, 87, 88, 89, 90, 91, 92, 93, 
0, 1, 2, 3, 5, 7, 8, 10, 11, 12, 13, 14, 16, 17, 18, 19, 20, 21, 22, 23, 24, 25, 26, 28, 29, 30, 31, 32, 33, 34, 35, 36, 37, 38, 39, 40, 41, 42, 43, 44, 45, 46, 47, 48, 49, 50, 51, 52, 53, 54, 55, 56, 57, 58, 59, 61, 63, 64, 65, 66, 67, 68, 69, 70, 71, 72, 73, 75, 76, 77, 78, 79, 80, 81, 82, 83, 84, 86, 87, 88, 89, 90, 91, 92, 93, 
0, 1, 2, 3, 4, 5, 6, 7, 8, 9, 10, 11, 12, 13, 15, 16, 17, 18, 19, 22, 23, 24, 26, 27, 28, 29, 30, 31, 32, 33, 34, 35, 36, 37, 38, 39, 40, 41, 42, 43, 44, 45, 46, 47, 48, 49, 50, 51, 53, 54, 55, 56, 57, 58, 59, 60, 61, 62, 63, 64, 65, 66, 67, 68, 69, 70, 71, 72, 73, 74, 76, 78, 79, 82, 83, 84, 85, 86, 87, 88, 89, 90, 91, 92, 93, 
0, 1, 2, 3, 4, 5, 6, 7, 8, 9, 10, 11, 12, 14, 15, 16, 18, 19, 20, 21, 22, 23, 24, 26, 27, 28, 29, 30, 31, 32, 33, 34, 35, 36, 37, 38, 39, 40, 42, 43, 45, 46, 47, 48, 49, 50, 51, 52, 53, 54, 56, 57, 58, 60, 61, 62, 63, 65, 66, 67, 68, 69, 70, 71, 73, 74, 75, 76, 77, 78, 79, 80, 81, 82, 83, 84, 85, 86, 87, 88, 89, 90, 91, 92, 93, 
0, 1, 2, 3, 4, 5, 6, 7, 8, 9, 10, 11, 12, 13, 14, 15, 16, 17, 18, 19, 20, 21, 23, 24, 25, 26, 28, 29, 30, 31, 32, 34, 35, 36, 37, 38, 39, 40, 42, 43, 44, 45, 46, 47, 48, 49, 50, 52, 53, 54, 56, 57, 59, 61, 62, 63, 64, 65, 66, 67, 68, 69, 70, 71, 72, 73, 74, 75, 76, 77, 78, 79, 80, 81, 82, 83, 84, 85, 86, 87, 88, 89, 90, 92, 93, 
0, 1, 2, 3, 4, 5, 6, 7, 8, 10, 11, 12, 13, 14, 15, 16, 17, 19, 20, 21, 22, 23, 24, 25, 26, 29, 30, 31, 32, 33, 34, 35, 36, 37, 38, 39, 40, 41, 43, 44, 45, 46, 47, 48, 49, 50, 51, 52, 53, 54, 55, 56, 57, 58, 59, 60, 62, 63, 64, 65, 67, 68, 69, 71, 72, 73, 74, 76, 77, 78, 79, 80, 81, 82, 83, 84, 85, 86, 87, 88, 89, 90, 91, 92, 93, 
0, 1, 2, 3, 4, 5, 6, 7, 8, 9, 10, 11, 12, 13, 14, 15, 16, 17, 18, 20, 22, 23, 24, 25, 26, 27, 28, 29, 30, 31, 33, 34, 35, 36, 37, 38, 39, 40, 42, 43, 44, 45, 46, 47, 48, 49, 50, 51, 52, 53, 54, 55, 56, 57, 58, 59, 60, 61, 63, 64, 65, 66, 67, 68, 69, 70, 71, 72, 73, 74, 75, 76, 77, 78, 79, 81, 82, 83, 84, 85, 88, 89, 90, 91, 92, 
0, 1, 2, 3, 4, 6, 7, 8, 9, 10, 11, 12, 13, 14, 15, 16, 17, 18, 19, 20, 21, 23, 24, 25, 26, 28, 29, 30, 31, 32, 33, 34, 35, 37, 38, 39, 40, 41, 42, 43, 44, 45, 46, 47, 48, 49, 50, 52, 53, 54, 55, 56, 57, 58, 59, 60, 61, 62, 63, 64, 65, 66, 67, 68, 69, 70, 71, 72, 74, 75, 76, 77, 78, 81, 82, 83, 84, 85, 86, 87, 88, 89, 90, 92, 93, 
0, 1, 2, 3, 4, 5, 6, 9, 10, 11, 12, 13, 14, 15, 16, 17, 18, 19, 20, 21, 22, 23, 24, 25, 26, 27, 28, 29, 30, 31, 32, 33, 34, 35, 36, 37, 38, 39, 40, 41, 43, 44, 46, 47, 48, 49, 51, 52, 53, 54, 55, 58, 59, 60, 61, 63, 64, 65, 66, 67, 69, 70, 71, 72, 73, 74, 75, 76, 77, 78, 79, 80, 81, 82, 83, 84, 85, 86, 87, 88, 89, 90, 91, 92, 93, 
0, 1, 4, 5, 6, 7, 9, 11, 12, 13, 14, 15, 16, 17, 18, 19, 20, 21, 22, 24, 25, 26, 27, 28, 29, 30, 32, 33, 34, 35, 36, 37, 38, 39, 40, 41, 42, 43, 44, 45, 46, 47, 48, 49, 50, 51, 52, 53, 54, 55, 56, 57, 58, 59, 60, 61, 62, 63, 64, 65, 67, 68, 70, 71, 72, 73, 75, 76, 77, 78, 79, 80, 81, 82, 83, 84, 85, 86, 87, 88, 89, 90, 91, 92, 93, 
