CENSUS
25, 28, 
10, 22, 
0, 5, 
19, 39, 
35, 28, 
34, 29, 
40, 21, 
40, 35, 
5, 29, 
32, 40, 
30, 23, 
25, 36, 
2, 38, 
1, 18, 
27, 6, 
18, 12, 
33, 36, 
19, 20, 
40, 24, 
12, 7, 
37, 30, 
34, 36, 
35, 11, 
41, 23, 
9, 30, 
36, 14, 
17, 7, 
26, 19, 
24, 21, 
1, 30, 
33, 4, 36, 38, 24, 29, 
20, 38, 41, 26, 13, 31, 
1, 4, 39, 9, 25, 41, 
17, 2, 38, 30, 27, 14, 
35, 21, 6, 8, 25, 11, 
5, 21, 39, 40, 22, 14, 
20, 6, 22, 26, 11, 14, 
4, 5, 23, 27, 28, 13, 
16, 34, 26, 8, 25, 10, 
2, 18, 4, 20, 22, 25, 
35, 39, 8, 41, 40, 15, 
19, 36, 5, 20, 40, 28, 
16, 17, 18, 20, 8, 27, 
0, 21, 6, 39, 8, 15, 
3, 20, 25, 10, 12, 30, 
2, 4, 20, 22, 24, 30, 
2, 3, 21, 22, 8, 40, 
37, 23, 9, 31, 13, 15, 
1, 19, 38, 8, 27, 12, 
17, 3, 6, 9, 27, 12, 
17, 34, 2, 5, 40, 27, 
16, 1, 4, 36, 21, 26, 
3, 20, 23, 6, 7, 10, 
26, 36, 38, 22, 10, 30, 
1, 19, 23, 31, 13, 15, 
32, 3, 4, 35, 6, 31, 
17, 35, 30, 9, 28, 14, 
38, 39, 10, 28, 30, 15, 
0, 3, 21, 38, 40, 25, 
0, 2, 3, 4, 21, 30, 
33, 2, 3, 10, 13, 17, 22, 23, 24, 28, 
33, 35, 37, 6, 40, 8, 16, 18, 26, 29, 
0, 3, 6, 38, 8, 9, 13, 14, 21, 23, 
1, 5, 37, 10, 14, 17, 22, 25, 29, 31, 
1, 35, 3, 40, 9, 13, 16, 23, 28, 31, 
33, 37, 12, 17, 22, 25, 26, 27, 28, 30, 
0, 32, 35, 39, 11, 19, 22, 24, 26, 31, 
34, 4, 6, 39, 40, 19, 21, 23, 27, 30, 
3, 37, 6, 39, 5, 41, 9, 13, 20, 21, 
32, 1, 3, 37, 11, 16, 17, 23, 24, 25, 
0, 3, 38, 9, 12, 13, 18, 22, 23, 31, 
